[gd_scene load_steps=6 format=3 uid="uid://d0d7n0xgmrro5"]

[ext_resource type="Script" path="res://entites/player/DronPlayer.cs" id="1_cd7vm"]
[ext_resource type="PackedScene" uid="uid://ddhl0dhq8pw83" path="res://entites/ui/baseUI.tscn" id="2_d2834"]

[sub_resource type="CylinderShape3D" id="CylinderShape3D_ih7t2"]
height = 0.311652
radius = 0.257765

[sub_resource type="CylinderMesh" id="CylinderMesh_ohwei"]
top_radius = 0.1
bottom_radius = 0.3
height = 0.5

[sub_resource type="BoxMesh" id="BoxMesh_dyayg"]
size = Vector3(0.1, 0.1, 1)

[node name="DronPlayer" type="CharacterBody3D"]
disable_mode = 2
collision_layer = 65
collision_mask = 65
script = ExtResource("1_cd7vm")

[node name="CollisionShape3D" type="CollisionShape3D" parent="."]
transform = Transform3D(1, 0, 0, 0, 1, 0, 0, 0, 1, 0, 0.245691, 0)
shape = SubResource("CylinderShape3D_ih7t2")

[node name="Visual" type="Node3D" parent="."]
unique_name_in_owner = true

[node name="MeshInstance3D" type="MeshInstance3D" parent="Visual"]
transform = Transform3D(1, 0, 0, 0, 1, 0, 0, 0, 1, 0, 0.245691, 0)
mesh = SubResource("CylinderMesh_ohwei")
skeleton = NodePath("../..")

[node name="MeshInstance3D2" type="MeshInstance3D" parent="Visual"]
transform = Transform3D(1, 0, 0, 0, 1, 0, 0, 0, 1, 0, 0.478037, -0.519989)
mesh = SubResource("BoxMesh_dyayg")
skeleton = NodePath("../..")

[node name="Raycasts" type="Node3D" parent="."]

[node name="RayCast3D" type="RayCast3D" parent="Raycasts"]
transform = Transform3D(1, 0, 0, 0, 0.984808, -0.173648, 0, 0.173648, 0.984808, 0, 0, 0.25)
target_position = Vector3(0, -5, 0)

[node name="RayCast3D2" type="RayCast3D" parent="Raycasts"]
transform = Transform3D(1, 0, 0, 0, 0.984808, 0.173648, 0, -0.173648, 0.984808, 0, 0, -0.25)
target_position = Vector3(0, -5, 0)

[node name="RayCast3D3" type="RayCast3D" parent="Raycasts"]
transform = Transform3D(0.984808, 0.173648, 0, -0.173648, 0.984808, 0, 0, 0, 1, 0.25, 0, 0)
target_position = Vector3(0, -5, 0)

[node name="RayCast3D4" type="RayCast3D" parent="Raycasts"]
transform = Transform3D(0.984807, -0.173648, 0, 0.173648, 0.984807, 0, 0, 0, 1, -0.25, 0, 0)
target_position = Vector3(0, -5, 0)

[node name="RayCast3D5" type="RayCast3D" parent="Raycasts"]
transform = Transform3D(0.709787, 0.000234514, -0.704416, -0.0868241, 0.992404, -0.0871558, 0.699045, 0.123022, 0.704416, -0.1771, 0, 0.176452)
target_position = Vector3(0, -5, 0)

[node name="RayCast3D6" type="RayCast3D" parent="Raycasts"]
transform = Transform3D(0.709787, -0.000234514, -0.704416, 0.0868241, 0.992404, 0.0871558, 0.699045, -0.123022, 0.704416, 0.1771, 0, -0.176452)
target_position = Vector3(0, -5, 0)

[node name="RayCast3D7" type="RayCast3D" parent="Raycasts"]
transform = Transform3D(0.709787, 0.000234514, -0.704416, -0.0868241, 0.992404, -0.0871558, 0.699045, 0.123022, 0.704416, 0.176, 0, 0.177)
target_position = Vector3(0, -5, 0)

[node name="RayCast3D8" type="RayCast3D" parent="Raycasts"]
transform = Transform3D(0.709787, -0.000234514, -0.704416, 0.0868241, 0.992404, 0.0871558, 0.699045, -0.123022, 0.704416, -0.176452, 0, -0.1771)
target_position = Vector3(0, -5, 0)

[node name="MiddleRayCast" type="RayCast3D" parent="."]
unique_name_in_owner = true
target_position = Vector3(0, -5, 0)

[node name="Node3D" type="Node3D" parent="."]
transform = Transform3D(1, 0, 0, 0, 1, 0, 0, 0, 1, 0, 0.403449, 0)

[node name="RotateXNode" type="Node3D" parent="Node3D"]
unique_name_in_owner = true

[node name="SpringArm" type="SpringArm3D" parent="Node3D/RotateXNode"]
unique_name_in_owner = true
transform = Transform3D(1, 0, 0, 0, 1, -2.98023e-08, 0, 2.98023e-08, 1, 0, 0, 0)
spring_length = 3.0

[node name="Camera3D" type="Camera3D" parent="Node3D/RotateXNode/SpringArm"]
unique_name_in_owner = true
transform = Transform3D(1, 0, 0, 0, 0.986153, -0.165839, 0, 0.165839, 0.986153, 0, 0.00583714, 1.4236)
current = true

[node name="CanvasLayer" type="CanvasLayer" parent="."]

[node name="BaseUi" parent="CanvasLayer" instance=ExtResource("2_d2834")]
