[gd_scene load_steps=2 format=3 uid="uid://b3w3wvkntsluo"]

[ext_resource type="PackedScene" uid="uid://cp6bdhucc5015" path="res://models/spaceShipWindows.glb" id="1_qltgd"]

[node name="spaceShipWindows" instance=ExtResource("1_qltgd")]

[node name="window" parent="." index="0"]
transform = Transform3D(0.714948, -0.660462, 0.229431, 0.678474, 0.734624, 0.000513393, -0.168885, 0.155296, 0.973325, -61.7353, -5.84471, 129.062)
cast_shadow = 0

[node name="window_001" parent="." index="1"]
transform = Transform3D(0.68751, -0.692367, 0.218995, 0.709256, 0.704948, 0.00210883, -0.15584, 0.153874, 0.975724, -58.3689, -5.74737, 143.273)
cast_shadow = 0

[node name="window_002" parent="." index="2"]
transform = Transform3D(0.68751, -0.692367, 0.218995, 0.709256, 0.704948, 0.00210883, -0.15584, 0.153874, 0.975724, -55.2989, -5.76321, 157.159)
cast_shadow = 0

[node name="window_003" parent="." index="3"]
transform = Transform3D(0.672468, -0.68364, 0.28359, 0.711667, 0.702492, 0.0059154, -0.203263, 0.197844, 0.958927, -51.1419, -5.76997, 171.651)
cast_shadow = 0

[node name="window_004" parent="." index="4"]
transform = Transform3D(0.615603, -0.744975, 0.256995, 0.771358, 0.636395, -0.00292642, -0.16137, 0.200036, 0.966408, -47.0032, -5.61941, 186.329)
cast_shadow = 0

[node name="window_005" parent="." index="5"]
transform = Transform3D(0.619849, -0.731135, 0.285009, 0.764131, 0.645022, -0.00718488, -0.178584, 0.222237, 0.958498, -43.4516, -5.67906, 199.357)
cast_shadow = 0

[node name="window_006" parent="." index="6"]
transform = Transform3D(0.444827, -0.857237, 0.259372, 0.887001, 0.461741, 0.00485789, -0.123927, 0.227903, 0.965765, -39.3953, -5.45427, 213.854)
cast_shadow = 0

[node name="window_007" parent="." index="7"]
transform = Transform3D(0.497912, -0.826592, 0.262354, 0.857228, 0.514917, -0.00456557, -0.131317, 0.22717, 0.964961, -35.0291, -5.55097, 229.319)
cast_shadow = 0

[node name="window_012" parent="." index="8"]
transform = Transform3D(0.69371, -0.685459, 0.221161, 0.702946, 0.711243, -0.000513313, -0.156947, 0.15582, 0.975237, -72.8034, -5.59486, 72.5475)
cast_shadow = 0

[node name="window_013" parent="." index="9"]
cast_shadow = 0

[node name="window_014" parent="." index="10"]
transform = Transform3D(0.744473, -0.65006, 0.152257, 0.658828, 0.75223, -0.00975128, -0.108194, 0.107571, 0.988293, -66.8979, -5.68772, 100.433)
cast_shadow = 0

[node name="window_015" parent="." index="11"]
transform = Transform3D(0.724716, -0.669591, 0.162588, 0.677586, 0.735396, 0.00834427, -0.125154, 0.10412, 0.986659, -64.5487, -5.72965, 115.828)
cast_shadow = 0

[node name="window_016" parent="." index="12"]
transform = Transform3D(0.448391, -0.868947, 0.209468, 0.888902, 0.458092, -0.00247315, -0.0938067, 0.187306, 0.977812, -57.5712, -0.443206, 128.777)
cast_shadow = 0

[node name="window_017" parent="." index="13"]
transform = Transform3D(0.446369, -0.868947, 0.213743, 0.888884, 0.458092, 0.0060206, -0.103146, 0.187306, 0.976871, -54.5652, -0.540205, 142.96)
cast_shadow = 0

[node name="window_018" parent="." index="14"]
transform = Transform3D(0.422975, -0.882514, 0.205573, 0.900801, 0.434112, 0.0101828, -0.098228, 0.180873, 0.978589, -51.8802, -0.511679, 155.784)
cast_shadow = 0

[node name="window_019" parent="." index="15"]
transform = Transform3D(0.418181, -0.873122, 0.250564, 0.901312, 0.433141, 0.0050845, -0.112969, 0.22371, 0.968087, -48.076, -0.496707, 170.857)
cast_shadow = 0

[node name="window_020" parent="." index="16"]
transform = Transform3D(0.345179, -0.910252, 0.228676, 0.933381, 0.358442, 0.0178824, -0.0982447, 0.20727, 0.973338, -44.31, -0.381775, 185.68)
cast_shadow = 0

[node name="window_021" parent="." index="17"]
transform = Transform3D(0.320753, -0.910213, 0.261974, 0.943424, 0.331575, -0.00305946, -0.0840793, 0.248134, 0.96507, -41.4373, -0.639818, 198.999)
cast_shadow = 0

[node name="window_022" parent="." index="18"]
transform = Transform3D(0.452941, -0.861821, 0.228275, 0.885474, 0.464682, -0.00260477, -0.10383, 0.203311, 0.973593, -68.2288, -0.428558, 71.4875)
cast_shadow = 0

[node name="window_023" parent="." index="19"]
transform = Transform3D(0.393964, -0.901782, 0.177709, 0.916949, 0.398914, -0.00850666, -0.0632195, 0.166301, 0.984046, -65.3079, -0.362865, 84.7116)
cast_shadow = 0

[node name="window_024" parent="." index="20"]
transform = Transform3D(0.396801, -0.904901, 0.15396, 0.915775, 0.401691, 0.000709203, -0.0624862, 0.140712, 0.988077, -62.9515, -0.388385, 99.7982)
cast_shadow = 0

[node name="window_025" parent="." index="21"]
transform = Transform3D(0.454653, -0.872472, 0.179117, 0.887587, 0.460537, -0.00970431, -0.0740234, 0.163394, 0.98378, -60.47, -0.571518, 115.353)
cast_shadow = 0

[node name="window_026" parent="." index="22"]
transform = Transform3D(0.323156, -0.908536, 0.264826, 0.942028, 0.335532, 0.00158818, -0.0903003, 0.24896, 0.964295, -37.4398, -0.467678, 213.617)
cast_shadow = 0

[node name="window_027" parent="." index="23"]
transform = Transform3D(0.566847, -0.754599, 0.330551, 0.808307, 0.586944, -0.046221, -0.159137, 0.293387, 0.942656, -32.8795, -0.941856, 227.357)
cast_shadow = 0

[node name="window_032" parent="." index="24"]
transform = Transform3D(0.452941, -0.861821, 0.228275, 0.885474, 0.464682, -0.00260489, -0.10383, 0.203311, 0.973593, -65.7219, 4.42744, 71.0154)
cast_shadow = 0

[node name="window_033" parent="." index="25"]
transform = Transform3D(0.393154, -0.901783, 0.179494, 0.916978, 0.398914, -0.00434896, -0.0676807, 0.166302, 0.98375, -63.1965, 4.49253, 84.514)
cast_shadow = 0

[node name="window_034" parent="." index="26"]
transform = Transform3D(0.457382, -0.872472, 0.172028, 0.887329, 0.460537, -0.0235011, -0.0587211, 0.163394, 0.984812, -60.7821, 4.47456, 99.4635)
cast_shadow = 0

[node name="window_035" parent="." index="27"]
transform = Transform3D(0.452906, -0.872472, 0.183488, 0.88764, 0.460537, -0.00115564, -0.0834946, 0.163394, 0.983021, -57.8884, 4.44777, 114.99)
cast_shadow = 0

[node name="window_036" parent="." index="28"]
transform = Transform3D(0.445524, -0.868947, 0.215498, 0.888854, 0.458092, 0.00951879, -0.106989, 0.187306, 0.976458, -55.0659, 4.47272, 128.377)
cast_shadow = 0

[node name="window_037" parent="." index="29"]
transform = Transform3D(0.422163, -0.882515, 0.207236, 0.900754, 0.434112, 0.0137279, -0.102078, 0.180873, 0.978195, -52.1451, 4.48508, 142.499)
cast_shadow = 0

[node name="window_038" parent="." index="30"]
transform = Transform3D(0.422975, -0.882514, 0.205573, 0.900801, 0.434112, 0.0101828, -0.098228, 0.180873, 0.978589, -49.5684, 4.48087, 155.081)
cast_shadow = 0

[node name="window_039" parent="." index="31"]
transform = Transform3D(0.345826, -0.910252, 0.227696, 0.933428, 0.358442, 0.0152348, -0.0954834, 0.207269, 0.973613, -45.9241, 4.54046, 170.08)
cast_shadow = 0

[node name="window_040" parent="." index="32"]
transform = Transform3D(0.310222, -0.925445, 0.217519, 0.946346, 0.322404, 0.0220206, -0.0905079, 0.199017, 0.975808, -42.7224, 4.56384, 185.235)
cast_shadow = 0

[node name="window_041" parent="." index="33"]
transform = Transform3D(0.321413, -0.910213, 0.261163, 0.943413, 0.331575, -0.00544219, -0.0816417, 0.248134, 0.965279, -39.7916, 4.28172, 198.46)
cast_shadow = 0

[node name="window_042" parent="." index="34"]
transform = Transform3D(0.568264, -0.754599, 0.328109, 0.8081, 0.586944, -0.0496995, -0.155078, 0.293387, 0.943332, -34.582, 4.19832, 212.695)
cast_shadow = 0

[node name="window_043" parent="." index="35"]
transform = Transform3D(0.720903, -0.663433, 0.20039, 0.676058, 0.736813, 0.00725417, -0.152462, 0.130245, 0.979689, -63.3587, 9.47807, 70.3705)
cast_shadow = 0

[node name="window_044" parent="." index="36"]
transform = Transform3D(0.721327, -0.663433, 0.198859, 0.676072, 0.736813, 0.00581897, -0.150382, 0.130245, 0.980011, -58.2092, 14.2767, 69.4542)
cast_shadow = 0

[node name="window_045" parent="." index="37"]
transform = Transform3D(0.72519, -0.663433, 0.184272, 0.676051, 0.736813, -0.00781607, -0.130588, 0.130245, 0.982844, -60.7662, 9.38704, 84.0911)
cast_shadow = 0

[node name="window_046" parent="." index="38"]
cast_shadow = 0

[node name="window_047" parent="." index="39"]
transform = Transform3D(0.699983, -0.688806, 0.188602, 0.702011, 0.712151, -0.00456584, -0.131168, 0.135596, 0.982043, -57.9766, 9.27786, 99.0531)
cast_shadow = 0

[node name="window_048" parent="." index="40"]
transform = Transform3D(0.699983, -0.688806, 0.188602, 0.702011, 0.712151, -0.00456588, -0.131168, 0.135596, 0.982043, -52.9983, 14.2825, 98.0577)
cast_shadow = 0

[node name="window_049" parent="." index="41"]
transform = Transform3D(0.700049, -0.688806, 0.188356, 0.702009, 0.712151, -0.0048122, -0.130823, 0.135596, 0.982089, -54.9367, 9.27473, 114.512)
cast_shadow = 0

[node name="window_050" parent="." index="42"]
transform = Transform3D(0.691272, -0.70044, 0.177558, 0.710951, 0.703214, 0.00618898, -0.129196, 0.121957, 0.984091, -49.9974, 14.3431, 113.407)
cast_shadow = 0

[node name="window_051" parent="." index="43"]
transform = Transform3D(0.682748, -0.696106, 0.222015, 0.713167, 0.700978, 0.00469223, -0.158894, 0.155131, 0.975032, -52.0974, 9.28711, 127.702)
cast_shadow = 0

[node name="window_052" parent="." index="44"]
transform = Transform3D(0.682748, -0.696106, 0.222015, 0.713167, 0.700978, 0.00469223, -0.158894, 0.155131, 0.975032, -47.2463, 14.3201, 126.728)
cast_shadow = 0

[node name="window_053" parent="." index="45"]
transform = Transform3D(0.682748, -0.696106, 0.222015, 0.713167, 0.700978, 0.00469223, -0.158894, 0.155131, 0.975032, -48.8871, 9.30964, 142.006)
cast_shadow = 0

[node name="window_054" parent="." index="46"]
transform = Transform3D(0.690705, -0.682839, 0.238027, 0.701576, 0.712547, 0.00828952, -0.175266, 0.161269, 0.971223, -42.6207, 9.3014, 169.016)
cast_shadow = 0

[node name="window_055" parent="." index="47"]
transform = Transform3D(0.694719, -0.68253, 0.226978, 0.701724, 0.712428, -0.00549823, -0.157952, 0.163095, 0.973884, -46.0928, 9.32551, 154.231)
cast_shadow = 0

[node name="window_056" parent="." index="48"]
transform = Transform3D(0.73841, -0.607408, 0.292926, 0.636696, 0.771091, -0.00606068, -0.222192, 0.19098, 0.956116, -33.4627, 14.1999, 182.4)
cast_shadow = 0

[node name="window_057" parent="." index="49"]
transform = Transform3D(0.718727, -0.599454, 0.352258, 0.641379, 0.767218, -0.0030226, -0.268447, 0.228103, 0.935898, -34.824, 9.22891, 197.607)
cast_shadow = 0

[node name="window_058" parent="." index="50"]
transform = Transform3D(0.717658, -0.597776, 0.357256, 0.642408, 0.766319, -0.0082355, -0.268849, 0.235414, 0.93397, -29.9878, 8.76032, 211.219)
cast_shadow = 0

[node name="window_059" parent="." index="51"]
transform = Transform3D(0.568984, -0.7546, 0.326858, 0.807989, 0.586944, -0.0514762, -0.153004, 0.293387, 0.94367, -29.6684, 3.60087, 226.528)
cast_shadow = 0

[node name="window_061" parent="." index="52"]
cast_shadow = 0

[node name="window_062" parent="." index="53"]
transform = Transform3D(0.690705, -0.682839, 0.238027, 0.701576, 0.712547, 0.00828952, -0.175266, 0.161269, 0.971223, -37.7393, 14.2264, 167.925)
cast_shadow = 0

[node name="window_063" parent="." index="54"]
transform = Transform3D(0.694719, -0.68253, 0.226978, 0.701724, 0.712428, -0.00549823, -0.157952, 0.163095, 0.973884, -41.1968, 14.3109, 152.943)
cast_shadow = 0

[node name="window_064" parent="." index="55"]
transform = Transform3D(0.694719, -0.68253, 0.226978, 0.701724, 0.712428, -0.00549823, -0.157952, 0.163095, 0.973884, -44.0585, 14.2771, 141.115)
cast_shadow = 0

[node name="window_065" parent="." index="56"]
transform = Transform3D(0.690705, -0.682839, 0.238027, 0.701576, 0.712547, 0.00828952, -0.175266, 0.161269, 0.971223, -38.9885, 9.29776, 184.412)
cast_shadow = 0

[node name="window_066" parent="." index="57"]
transform = Transform3D(0.770292, -0.555871, 0.312503, 0.587401, 0.809252, -0.00841951, -0.248214, 0.19005, 0.949879, -27.1414, 19.181, 180.504)
cast_shadow = 0

[node name="window_068" parent="." index="58"]
transform = Transform3D(0.770989, -0.555871, 0.310779, 0.587381, 0.809252, -0.00973354, -0.246088, 0.19005, 0.950432, -31.8508, 19.1871, 166.704)
cast_shadow = 0

[node name="window_069" parent="." index="59"]
transform = Transform3D(0.768815, -0.555871, 0.316118, 0.587435, 0.809252, -0.00566018, -0.252673, 0.190051, 0.948703, -25.3574, 24.2202, 164.265)
cast_shadow = 0

[node name="window_070" parent="." index="60"]
transform = Transform3D(0.690583, -0.68253, 0.239267, 0.701711, 0.712428, 0.00695205, -0.175205, 0.163095, 0.970929, -36.2571, 19.31, 151.778)
cast_shadow = 0

[node name="window_071" parent="." index="61"]
transform = Transform3D(0.790127, -0.56221, 0.244171, 0.579566, 0.814925, 0.000934546, -0.199506, 0.140775, 0.969732, -29.8455, 24.1557, 150.186)
cast_shadow = 0

[node name="window_072" parent="." index="62"]
transform = Transform3D(0.694719, -0.68253, 0.226978, 0.701724, 0.712428, -0.00549823, -0.157952, 0.163095, 0.973884, -39.005, 19.3683, 140.024)
cast_shadow = 0

[node name="window_073" parent="." index="63"]
transform = Transform3D(0.796682, -0.535638, 0.279981, 0.558947, 0.829193, -0.00413022, -0.229946, 0.159785, 0.959997, -33.194, 24.133, 138.406)
cast_shadow = 0

[node name="window_074" parent="." index="64"]
transform = Transform3D(0.682748, -0.696106, 0.222015, 0.713167, 0.700978, 0.00469223, -0.158894, 0.155131, 0.975032, -42.3782, 19.3494, 125.847)
cast_shadow = 0

[node name="window_075" parent="." index="65"]
transform = Transform3D(0.799564, -0.535638, 0.271643, 0.558874, 0.829193, -0.00996872, -0.219905, 0.159785, 0.962346, -37.3179, 24.1316, 124.589)
cast_shadow = 0

[node name="window_076" parent="." index="66"]
transform = Transform3D(0.696332, -0.70044, 0.156544, 0.710812, 0.703214, -0.0153426, -0.0993371, 0.121957, 0.987552, -45.2082, 19.2824, 112.433)
cast_shadow = 0

[node name="window_077" parent="." index="67"]
transform = Transform3D(0.694595, -0.70044, 0.164076, 0.710937, 0.703214, -0.00764365, -0.110026, 0.121957, 0.986418, -40.346, 24.2648, 111.629)
cast_shadow = 0

[node name="window_078" parent="." index="68"]
transform = Transform3D(0.699983, -0.688806, 0.188602, 0.702011, 0.712151, -0.00456588, -0.131168, 0.135596, 0.982043, -47.9956, 19.2731, 97.2602)
cast_shadow = 0

[node name="window_079" parent="." index="69"]
transform = Transform3D(0.699983, -0.688806, 0.188602, 0.702011, 0.712151, -0.00456588, -0.131168, 0.135596, 0.982043, -43.0621, 24.2792, 96.0293)
cast_shadow = 0

[node name="window_080" parent="." index="70"]
cast_shadow = 0

[node name="window_081" parent="." index="71"]
transform = Transform3D(0.707992, -0.690377, 0.148754, 0.697786, 0.716299, 0.00328895, -0.108823, 0.10147, 0.988869, -45.6713, 24.2545, 81.4859)
cast_shadow = 0

[node name="window_082" parent="." index="72"]
transform = Transform3D(0.721327, -0.663433, 0.198859, 0.676072, 0.736813, 0.00581897, -0.150382, 0.130245, 0.980011, -52.841, 19.2874, 68.4526)
cast_shadow = 0

[node name="window_083" parent="." index="73"]
transform = Transform3D(0.706081, -0.690377, 0.157574, 0.697691, 0.716299, 0.0119937, -0.121151, 0.10147, 0.987434, -47.7149, 24.2904, 67.3284)
cast_shadow = 0

[node name="window_060" parent="." index="74"]
transform = Transform3D(0.790127, -0.56221, 0.244171, 0.579566, 0.814925, 0.000934546, -0.199506, 0.140775, 0.969732, -23.014, 29.2191, 148.158)
cast_shadow = 0

[node name="window_084" parent="." index="75"]
transform = Transform3D(0.784835, -0.56221, 0.260681, 0.579419, 0.814925, 0.0130839, -0.219791, 0.140775, 0.965336, -26.0134, 29.1628, 136.505)
cast_shadow = 0

[node name="window_085" parent="." index="76"]
transform = Transform3D(0.799564, -0.535638, 0.271643, 0.558874, 0.829193, -0.00996869, -0.219905, 0.159785, 0.962346, -30.0597, 29.1477, 122.89)
cast_shadow = 0

[node name="window_087" parent="." index="77"]
transform = Transform3D(0.801012, -0.537036, 0.264524, 0.556633, 0.830758, 0.00104855, -0.220318, 0.146403, 0.964379, -26.1717, 34.2124, 109.009)
cast_shadow = 0

[node name="window_088" parent="." index="78"]
transform = Transform3D(0.810005, -0.516668, 0.277392, 0.542374, 0.839914, -0.0193536, -0.222986, 0.166126, 0.960562, -30.642, 34.1802, 94.0119)
cast_shadow = 0

[node name="window_089" parent="." index="79"]
transform = Transform3D(0.824608, -0.48822, 0.285768, 0.517745, 0.854879, -0.0334814, -0.227951, 0.175564, 0.957714, -35.0987, 34.1553, 80.0114)
cast_shadow = 0

[node name="window_090" parent="." index="80"]
transform = Transform3D(0.672915, -0.724652, 0.148543, 0.733446, 0.679715, -0.00666303, -0.0961388, 0.113432, 0.988883, -37.9469, 34.3661, 66.2152)
cast_shadow = 0

[node name="window_091" parent="." index="81"]
transform = Transform3D(0.66985, -0.724652, 0.161803, 0.733435, 0.679715, 0.00782202, -0.115648, 0.113432, 0.986792, -42.2982, 29.6345, 66.7695)
cast_shadow = 0

[node name="window_092" parent="." index="82"]
transform = Transform3D(0.707992, -0.690377, 0.148754, 0.697786, 0.716299, 0.00328895, -0.108823, 0.10147, 0.988869, -40.5546, 29.2827, 80.8042)
cast_shadow = 0

[node name="window_093" parent="." index="83"]
transform = Transform3D(0.826006, -0.516668, 0.225318, 0.540045, 0.839914, -0.053807, -0.161447, 0.166127, 0.972798, -37.9784, 29.431, 95.2065)
cast_shadow = 0

[node name="window_094" parent="." index="84"]
transform = Transform3D(0.808052, -0.537036, 0.242167, 0.556447, 0.830758, -0.0144172, -0.193439, 0.146403, 0.970128, -33.8685, 29.0285, 110.191)
cast_shadow = 0

[node name="window_095" parent="." index="85"]
transform = Transform3D(0.714983, -0.675518, 0.180206, 0.682544, 0.730254, 0.029369, -0.151435, 0.102, 0.98319, -65.9931, 9.4054, 55.98)
cast_shadow = 0

[node name="window_096" parent="." index="86"]
transform = Transform3D(0.696317, -0.621357, 0.359247, 0.663886, 0.747805, 0.00662182, -0.272761, 0.233888, 0.933219, -68.1843, 9.38752, 43.7012)
cast_shadow = 0

[node name="window_097" parent="." index="87"]
transform = Transform3D(0.719938, -0.621357, 0.3092, 0.662697, 0.747805, -0.0402563, -0.206208, 0.233888, 0.950145, -62.7188, 14.1586, 43.0803)
cast_shadow = 0

[node name="window_098" parent="." index="88"]
transform = Transform3D(0.718446, -0.675518, 0.165862, 0.682995, 0.730254, 0.0157042, -0.13173, 0.102, 0.986024, -60.7077, 14.4279, 55.0263)
cast_shadow = 0

[node name="window_099" parent="." index="89"]
transform = Transform3D(0.718446, -0.675518, 0.165862, 0.682995, 0.730254, 0.0157042, -0.13173, 0.102, 0.986024, -55.4821, 19.4418, 53.738)
cast_shadow = 0

[node name="window_100" parent="." index="90"]
transform = Transform3D(0.724643, -0.664457, 0.182727, 0.676211, 0.736703, -0.00275933, -0.132782, 0.125562, 0.98316, -50.3771, 24.2826, 52.5309)
cast_shadow = 0

[node name="window_101" parent="." index="91"]
transform = Transform3D(0.67246, -0.719203, 0.174771, 0.729779, 0.683662, 0.00540743, -0.123374, 0.123908, 0.984594, -44.7079, 29.6719, 51.6017)
cast_shadow = 0

[node name="window_102" parent="." index="92"]
transform = Transform3D(0.674144, -0.721054, 0.160034, 0.731285, 0.68203, -0.00756171, -0.103696, 0.122128, 0.987083, -40.2456, 34.4761, 51.0607)
cast_shadow = 0

[node name="window_103" parent="." index="93"]
transform = Transform3D(0.677182, -0.720755, 0.14811, 0.728416, 0.685125, 0.0036254, -0.104087, 0.10543, 0.988964, -42.5845, 34.3122, 36.6006)
cast_shadow = 0

[node name="window_105" parent="." index="94"]
transform = Transform3D(0.721299, -0.676498, 0.148586, 0.679875, 0.732509, 0.0346471, -0.13228, 0.0760291, 0.988292, -52.0512, 24.3983, 38.8245)
cast_shadow = 0

[node name="window_106" parent="." index="95"]
transform = Transform3D(0.714489, -0.676498, 0.178481, 0.677844, 0.732509, 0.0629166, -0.173302, 0.0760292, 0.98193, -57.1951, 19.3438, 41.7527)
cast_shadow = 0

[node name="window_107" parent="." index="96"]
transform = Transform3D(0.452737, -0.864846, 0.216958, 0.885584, 0.464467, 0.00348484, -0.103784, 0.190557, 0.976175, -69.0243, 4.40757, 56.6619)
cast_shadow = 0

[node name="window_108" parent="." index="97"]
transform = Transform3D(0.584653, -0.737554, 0.337928, 0.788545, 0.614548, -0.0229723, -0.19073, 0.279903, 0.940891, -72.0768, -0.478546, 57.3011)
cast_shadow = 0

[node name="window_109" parent="." index="98"]
transform = Transform3D(0.533855, -0.709048, 0.460706, 0.803697, 0.594829, -0.015836, -0.262813, 0.378722, 0.887411, -73.1202, 4.52201, 44.4342)
cast_shadow = 0

[node name="window_110" parent="." index="99"]
transform = Transform3D(0.466875, -0.880901, 0.0777262, 0.882502, 0.469749, 0.0229591, -0.0567365, 0.0578745, 0.99671, -47.3887, 29.4363, 21.8979)
cast_shadow = 0

[node name="window_111" parent="." index="100"]
transform = Transform3D(0.458874, -0.880619, 0.118083, 0.886734, 0.462276, 0.00160608, -0.0560014, 0.103972, 0.993002, -48.5884, 29.4976, 9.86746)
cast_shadow = 0

[node name="window_112" parent="." index="101"]
transform = Transform3D(0.491633, -0.863092, 0.115623, 0.869357, 0.494118, -0.00809103, -0.0501481, 0.104496, 0.99326, -49.9521, 29.8239, -3.58558)
cast_shadow = 0

[node name="window_113" parent="." index="102"]
transform = Transform3D(0.492159, -0.862223, 0.119792, 0.868436, 0.495801, 0.000683837, -0.0599826, 0.103695, 0.992799, -51.4706, 30.246, -18.1415)
cast_shadow = 0

[node name="window_114" parent="." index="103"]
transform = Transform3D(0.499458, -0.860908, 0.0968424, 0.864207, 0.502943, 0.0139593, -0.0607239, 0.0767198, 0.995202, -52.7454, 30.3376, -32.9805)
cast_shadow = 0

[node name="window_115" parent="." index="104"]
transform = Transform3D(0.499458, -0.860908, 0.0968424, 0.864207, 0.502943, 0.0139593, -0.0607239, 0.0767198, 0.995202, -53.8864, 30.3061, -45.5769)
cast_shadow = 0

[node name="window_116" parent="." index="105"]
transform = Transform3D(0.25653, -0.964476, 0.063069, 0.966247, 0.257502, 0.00766398, -0.0236321, 0.0589742, 0.99798, -51.4186, 24.529, -3.60253)
cast_shadow = 0

[node name="window_117" parent="." index="106"]
transform = Transform3D(0.17341, -0.979484, 0.102668, 0.984707, 0.174216, -0.00113035, -0.0167793, 0.101294, 0.994715, -52.8585, 24.564, -17.8572)
cast_shadow = 0

[node name="window_118" parent="." index="107"]
transform = Transform3D(0.175721, -0.980597, 0.0868982, 0.984293, 0.176533, 0.00169168, -0.0169993, 0.0852361, 0.996216, -54.1775, 24.7219, -33.0958)
cast_shadow = 0

[node name="window_119" parent="." index="108"]
transform = Transform3D(0.240008, -0.964475, 0.110385, 0.970489, 0.241121, -0.00335145, -0.0233837, 0.107932, 0.993883, -55.4153, 24.5924, -45.8548)
cast_shadow = 0

[node name="window_120" parent="." index="109"]
transform = Transform3D(0.241978, -0.964475, 0.105997, 0.970267, 0.241121, -0.0210208, -0.00528397, 0.107932, 0.994144, -55.2134, 19.6605, -33.0329)
cast_shadow = 0

[node name="window_121" parent="." index="110"]
transform = Transform3D(0.172492, -0.979484, 0.104203, 0.984678, 0.174216, 0.00760945, -0.0256073, 0.101294, 0.994527, -53.6981, 19.606, -17.4483)
cast_shadow = 0

[node name="window_122" parent="." index="111"]
transform = Transform3D(0.257668, -0.964476, 0.0582438, 0.966221, 0.257502, -0.0104714, -0.00489853, 0.0589745, 0.998248, -52.7014, 19.518, -2.70191)
cast_shadow = 0

[node name="window_123" parent="." index="112"]
transform = Transform3D(0.25687, -0.960111, 0.110473, 0.966156, 0.257909, -0.0050309, -0.0236617, 0.108026, 0.993866, -50.2388, 24.5528, 10.1584)
cast_shadow = 0

[node name="window_125" parent="." index="113"]
transform = Transform3D(0.50639, -0.858142, 0.0846259, 0.860858, 0.508783, 0.00801201, -0.0499316, 0.0687936, 0.996381, -44.4992, 34.1172, 21.5145)
cast_shadow = 0

[node name="window_126" parent="." index="114"]
transform = Transform3D(0.49202, -0.864542, 0.102387, 0.868544, 0.495508, 0.0102204, -0.0595696, 0.0838992, 0.994692, -45.8924, 34.4293, 9.26439)
cast_shadow = 0

[node name="window_127" parent="." index="115"]
transform = Transform3D(0.492204, -0.862223, 0.119607, 0.868436, 0.4958, 0.000357147, -0.0596092, 0.103695, 0.992821, -47.2662, 34.6291, -4.13865)
cast_shadow = 0

[node name="window_128" parent="." index="116"]
transform = Transform3D(0.499493, -0.860908, 0.096666, 0.864212, 0.502943, 0.013654, -0.0603723, 0.0767199, 0.995223, -49.0373, 34.4594, -18.3906)
cast_shadow = 0

[node name="window_129" parent="." index="117"]
transform = Transform3D(0.203514, -0.965749, 0.16097, 0.978824, 0.204395, -0.0112465, -0.0220402, 0.15985, 0.986895, -50.5153, 34.6154, -33.2219)
cast_shadow = 0

[node name="window_130" parent="." index="118"]
transform = Transform3D(0.203514, -0.965749, 0.16097, 0.978824, 0.204395, -0.0112465, -0.0220402, 0.15985, 0.986895, -52.5862, 34.6795, -45.8155)
cast_shadow = 0

[node name="window_131" parent="." index="119"]
transform = Transform3D(0.203514, -0.965749, 0.16097, 0.978824, 0.204395, -0.0112465, -0.0220402, 0.15985, 0.986895, -54.4664, 34.6629, -57.1534)
cast_shadow = 0

[node name="window_133" parent="." index="120"]
transform = Transform3D(0.771287, -0.609158, 0.184505, 0.61828, 0.785893, 0.0100907, -0.151148, 0.106293, 0.98278, -52.4634, 39.2301, -60.1783)
cast_shadow = 0

[node name="window_134" parent="." index="121"]
transform = Transform3D(0.776544, -0.609158, 0.160954, 0.618301, 0.785893, -0.00872474, -0.121178, 0.106293, 0.986923, -49.998, 39.2257, -46.0163)
cast_shadow = 0

[node name="window_135" parent="." index="122"]
transform = Transform3D(0.776544, -0.609158, 0.160954, 0.618301, 0.785893, -0.00872474, -0.121178, 0.106293, 0.986923, -47.8624, 39.1993, -33.5827)
cast_shadow = 0

[node name="window_136" parent="." index="123"]
cast_shadow = 0

[node name="window_137" parent="." index="124"]
transform = Transform3D(0.727588, -0.673204, 0.131953, 0.68033, 0.732796, -0.0127212, -0.0881306, 0.0990273, 0.991174, -43.3677, 39.2855, -4.48672)
cast_shadow = 0

[node name="window_138" parent="." index="125"]
transform = Transform3D(0.686813, -0.716033, 0.124836, 0.72214, 0.691726, -0.00542326, -0.0824688, 0.0938736, 0.992163, -41.8201, 39.3069, 8.85084)
cast_shadow = 0

[node name="window_139" parent="." index="126"]
transform = Transform3D(0.672622, -0.727908, 0.13315, 0.735595, 0.677291, -0.0133057, -0.0804957, 0.106894, 0.991007, -40.3138, 39.2969, 21.3107)
cast_shadow = 0

[node name="window_140" parent="." index="127"]
transform = Transform3D(0.673076, -0.713856, 0.193334, 0.72122, 0.691425, 0.0421168, -0.163741, 0.111089, 0.980228, -37.9568, 39.2211, 35.9491)
cast_shadow = 0

[node name="window_141" parent="." index="128"]
transform = Transform3D(0.673632, -0.724652, 0.145255, 0.733405, 0.679715, -0.0102457, -0.091307, 0.113432, 0.989341, -35.7599, 39.3174, 50.5166)
cast_shadow = 0

[node name="window_142" parent="." index="129"]
transform = Transform3D(0.829488, -0.497182, 0.25448, 0.513655, 0.857994, 0.0020014, -0.219337, 0.129055, 0.967076, -31.6815, 39.1482, 64.7228)
cast_shadow = 0

[node name="window_146" parent="." index="130"]
transform = Transform3D(0.778674, -0.428235, 0.458564, 0.454506, 0.888836, 0.0582659, -0.432539, 0.16305, 0.886749, -51.6723, 44.1628, -73.8018)
cast_shadow = 0

[node name="window_147" parent="." index="131"]
transform = Transform3D(0.721787, -0.641202, 0.260545, 0.669291, 0.742517, -0.0268012, -0.176274, 0.193725, 0.96509, -47.0162, 44.2489, -61.7519)
cast_shadow = 0

[node name="window_148" parent="." index="132"]
transform = Transform3D(0.781234, -0.609158, 0.136383, 0.617718, 0.785893, -0.0282205, -0.0899919, 0.106293, 0.990254, -43.8537, 43.9892, -46.0237)
cast_shadow = 0

[node name="window_149" parent="." index="133"]
transform = Transform3D(0.727317, -0.671109, 0.143604, 0.67682, 0.736052, 0.0119006, -0.113687, 0.0885384, 0.989564, -41.9682, 44.2934, -34.2775)
cast_shadow = 0

[node name="window_150" parent="." index="134"]
transform = Transform3D(0.730723, -0.671109, 0.125123, 0.676904, 0.736052, -0.00525838, -0.088568, 0.0885386, 0.992127, -39.8682, 44.3995, -19.2424)
cast_shadow = 0

[node name="window_151" parent="." index="135"]
transform = Transform3D(0.688392, -0.718257, 0.10111, 0.720498, 0.693199, 0.018887, -0.0836552, 0.059848, 0.994696, -38.366, 44.3649, -5.3503)
cast_shadow = 0

[node name="window_152" parent="." index="136"]
transform = Transform3D(0.685735, -0.718846, 0.114139, 0.723057, 0.690759, 0.00634033, -0.0834, 0.078181, 0.993445, -36.8332, 44.3582, 8.15005)
cast_shadow = 0

[node name="window_008" parent="." index="137"]
transform = Transform3D(0.714617, 0.660463, 0.230461, -0.678473, 0.734624, -0.00149031, 0.170286, 0.155296, -0.973081, 61.6616, -5.80215, 128.983)
cast_shadow = 0

[node name="window_009" parent="." index="138"]
transform = Transform3D(0.687157, 0.692367, 0.220098, -0.709252, 0.704947, -0.003247, 0.157406, 0.153874, -0.975472, 58.3356, -5.75433, 143.251)
cast_shadow = 0

[node name="window_010" parent="." index="139"]
transform = Transform3D(0.68886, 0.692366, 0.214711, -0.709255, 0.704948, 0.00230632, 0.149763, 0.153874, -0.976675, 55.4733, -5.76776, 156.192)
cast_shadow = 0

[node name="window_011" parent="." index="140"]
transform = Transform3D(0.674146, 0.68364, 0.279579, -0.71169, 0.702492, -0.00167622, 0.197548, 0.197844, -0.960121, 51.1049, -5.78008, 171.663)
cast_shadow = 0

[node name="window_028" parent="." index="141"]
transform = Transform3D(0.621059, 0.744975, 0.243512, -0.771111, 0.636395, 0.019743, 0.140262, 0.200036, -0.969697, 47.082, -5.71382, 186.171)
cast_shadow = 0

[node name="window_029" parent="." index="142"]
transform = Transform3D(0.620108, 0.731135, 0.284443, -0.764124, 0.645021, 0.00788251, 0.177708, 0.222238, -0.958661, 43.5268, -5.74333, 199.296)
cast_shadow = 0

[node name="window_030" parent="." index="143"]
transform = Transform3D(0.493803, 0.826592, 0.270008, -0.857196, 0.514917, -0.00866619, 0.146195, 0.227171, -0.962819, 39.3527, -5.66156, 213.838)
cast_shadow = 0

[node name="window_031" parent="." index="144"]
transform = Transform3D(0.499667, 0.826592, 0.258996, -0.857178, 0.514917, 0.0103372, 0.124817, 0.227171, -0.965823, 35.2421, -5.68631, 228.851)
cast_shadow = 0

[node name="window_067" parent="." index="145"]
transform = Transform3D(0.694287, 0.685459, 0.219341, -0.702943, 0.711242, 0.00235602, 0.15439, 0.15582, -0.975645, 72.9283, -5.81452, 72.1867)
cast_shadow = 0

[node name="window_086" parent="." index="146"]
transform = Transform3D(0.736887, 0.635449, 0.230656, -0.657715, 0.752769, 0.0273845, 0.156229, 0.171886, -0.97265, 69.5002, -5.83003, 85.6653)
cast_shadow = 0

[node name="window_104" parent="." index="147"]
transform = Transform3D(0.744399, 0.65006, 0.152617, -0.658833, 0.75223, 0.00943272, 0.108671, 0.107571, -0.98824, 66.9647, -5.76949, 100.323)
cast_shadow = 0

[node name="window_124" parent="." index="148"]
transform = Transform3D(0.729658, 0.669591, 0.138732, -0.677496, 0.735395, 0.013883, 0.0927269, 0.10412, -0.990233, 64.5026, -5.72965, 115.828)
cast_shadow = 0

[node name="window_132" parent="." index="149"]
transform = Transform3D(0.448629, 0.868947, 0.208957, -0.888898, 0.458092, 0.00348694, 0.0926915, 0.187306, -0.977919, 57.67, -0.650571, 128.616)
cast_shadow = 0

[node name="window_143" parent="." index="150"]
transform = Transform3D(0.447494, 0.868947, 0.211378, -0.888904, 0.458092, -0.00131704, 0.0979752, 0.187306, -0.977403, 54.7017, -0.616507, 142.303)
cast_shadow = 0

[node name="window_144" parent="." index="151"]
transform = Transform3D(0.428781, 0.882514, 0.193173, -0.900716, 0.434112, 0.0160442, 0.0696993, 0.180873, -0.981034, 51.9843, -0.628113, 155.334)
cast_shadow = 0

[node name="window_145" parent="." index="152"]
transform = Transform3D(0.421711, 0.873123, 0.244576, -0.901293, 0.433141, 0.00776802, 0.0991533, 0.22371, -0.969599, 48.1195, -0.626976, 170.765)
cast_shadow = 0

[node name="window_153" parent="." index="153"]
transform = Transform3D(0.318589, 0.923205, 0.214927, -0.944266, 0.328919, -0.0131552, 0.0828386, 0.198757, -0.976542, 44.5215, -0.626779, 185.311)
cast_shadow = 0

[node name="window_154" parent="." index="154"]
transform = Transform3D(0.315487, 0.910213, 0.268292, -0.943298, 0.331575, -0.0156762, 0.103228, 0.248134, -0.96321, 41.5248, -0.652665, 198.696)
cast_shadow = 0

[node name="window_155" parent="." index="155"]
transform = Transform3D(0.450754, 0.861821, 0.232564, -0.885459, 0.464682, -0.00579978, 0.113067, 0.203311, -0.972564, 68.353, -0.671062, 71.3248)
cast_shadow = 0

[node name="window_156" parent="." index="156"]
transform = Transform3D(0.393047, 0.901782, 0.17973, -0.916981, 0.398914, 0.00379838, 0.0682713, 0.166302, -0.983709, 65.2776, -0.564702, 85.1118)
cast_shadow = 0

[node name="window_157" parent="." index="157"]
transform = Transform3D(0.394205, 0.904901, 0.160492, -0.915639, 0.401691, -0.0158315, 0.078794, 0.140712, -0.98691, 63.0373, -0.613607, 99.5927)
cast_shadow = 0

[node name="window_158" parent="." index="158"]
transform = Transform3D(0.452603, 0.872472, 0.184234, -0.887641, 0.460537, -0.000306888, 0.0851142, 0.163394, -0.982882, 60.4243, -0.571519, 115.353)
cast_shadow = 0

[node name="window_159" parent="." index="159"]
transform = Transform3D(0.322367, 0.910213, 0.259985, -0.943387, 0.331575, 0.00889639, 0.0781068, 0.248134, -0.965572, 37.456, -0.586534, 213.533)
cast_shadow = 0

[node name="window_160" parent="." index="160"]
transform = Transform3D(0.555452, 0.7546, 0.349361, -0.809402, 0.586944, 0.0191085, 0.190636, 0.293387, -0.936793, 32.6303, -0.732665, 227.579)
cast_shadow = 0

[node name="window_161" parent="." index="161"]
transform = Transform3D(0.450061, 0.861821, 0.233901, -0.885437, 0.464682, -0.00842988, 0.115955, 0.203311, -0.972224, 65.7443, 4.38665, 70.8231)
cast_shadow = 0

[node name="window_162" parent="." index="162"]
transform = Transform3D(0.393076, 0.901782, 0.179666, -0.91698, 0.398914, 0.00394628, 0.0681127, 0.166302, -0.98372, 63.1529, 4.48954, 84.5096)
cast_shadow = 0

[node name="window_163" parent="." index="163"]
transform = Transform3D(0.452424, 0.872472, 0.184674, -0.88764, 0.460537, -0.00117082, 0.0860708, 0.163394, -0.982799, 60.8212, 4.38294, 99.2689)
cast_shadow = 0

[node name="window_164" parent="." index="164"]
transform = Transform3D(0.451138, 0.872472, 0.187794, -0.887611, 0.460537, -0.00729983, 0.0928548, 0.163394, -0.982181, 57.8427, 4.44777, 114.99)
cast_shadow = 0

[node name="window_165" parent="." index="165"]
transform = Transform3D(0.446615, 0.868947, 0.213229, -0.888891, 0.458091, -0.00499581, 0.102019, 0.187306, -0.97699, 55.1403, 4.31023, 128.231)
cast_shadow = 0

[node name="window_166" parent="." index="166"]
transform = Transform3D(0.423144, 0.882514, 0.205224, -0.900809, 0.434112, -0.00944092, 0.097422, 0.180873, -0.978669, 52.2799, 4.40509, 141.811)
cast_shadow = 0

[node name="window_167" parent="." index="167"]
transform = Transform3D(0.424222, 0.882514, 0.202987, -0.900847, 0.434112, -0.00468329, 0.092252, 0.180873, -0.97917, 49.6746, 4.34151, 154.676)
cast_shadow = 0

[node name="window_168" parent="." index="168"]
transform = Transform3D(0.322614, 0.923205, 0.208836, -0.944346, 0.328919, 0.00478413, 0.0642736, 0.198757, -0.977939, 45.977, 4.40391, 170.226)
cast_shadow = 0

[node name="window_169" parent="." index="169"]
transform = Transform3D(0.318193, 0.923205, 0.215512, -0.944241, 0.328919, -0.0148895, 0.0846321, 0.198757, -0.976388, 42.7905, 4.41787, 185.004)
cast_shadow = 0

[node name="window_170" parent="." index="170"]
transform = Transform3D(0.322668, 0.910213, 0.259612, -0.943376, 0.331575, 0.00998599, 0.0769916, 0.248134, -0.965661, 39.7922, 4.415, 198.28)
cast_shadow = 0

[node name="window_171" parent="." index="171"]
transform = Transform3D(0.554164, 0.754599, 0.3514, -0.809467, 0.586944, 0.0161333, 0.194078, 0.293387, -0.936086, 34.5478, 4.29538, 212.588)
cast_shadow = 0

[node name="window_172" parent="." index="172"]
transform = Transform3D(0.727519, 0.663433, 0.174853, -0.675893, 0.736813, 0.0165811, 0.117834, 0.130245, -0.984455, 63.3791, 9.45435, 70.169)
cast_shadow = 0

[node name="window_173" parent="." index="173"]
transform = Transform3D(0.721992, 0.663433, 0.19643, -0.676087, 0.736813, -0.00354395, 0.147084, 0.130245, -0.980511, 58.2725, 14.2003, 69.3319)
cast_shadow = 0

[node name="window_174" parent="." index="174"]
transform = Transform3D(0.727673, 0.663433, 0.174211, -0.675878, 0.736813, 0.0171782, 0.116964, 0.130245, -0.984559, 60.8743, 9.28711, 83.8739)
cast_shadow = 0

[node name="window_175" parent="." index="175"]
transform = Transform3D(0.707588, 0.690377, 0.150664, -0.697775, 0.716299, -0.00517168, 0.11149, 0.10147, -0.988572, 55.7876, 14.2611, 82.8883)
cast_shadow = 0

[node name="window_176" parent="." index="176"]
transform = Transform3D(0.700885, 0.688806, 0.185221, -0.701981, 0.712151, 0.00795443, 0.126426, 0.135597, -0.982665, 58.0935, 9.21694, 98.548)
cast_shadow = 0

[node name="window_177" parent="." index="177"]
transform = Transform3D(0.698147, 0.688806, 0.195286, -0.702023, 0.712151, -0.00214651, 0.140552, 0.135596, -0.980744, 53.1449, 14.147, 97.7935)
cast_shadow = 0

[node name="window_178" parent="." index="178"]
transform = Transform3D(0.701251, 0.688806, 0.183827, -0.701964, 0.712151, 0.0093499, 0.124473, 0.135597, -0.982914, 54.8912, 9.27473, 114.512)
cast_shadow = 0

[node name="window_179" parent="." index="179"]
transform = Transform3D(0.693043, 0.70044, 0.170514, -0.710977, 0.703214, 0.00104645, 0.119175, 0.121957, -0.985355, 49.9515, 14.3431, 113.407)
cast_shadow = 0

[node name="window_180" parent="." index="180"]
transform = Transform3D(0.686944, 0.696107, 0.208671, -0.713124, 0.700978, 0.00920343, 0.139867, 0.155131, -0.977943, 52.1265, 9.23558, 127.602)
cast_shadow = 0

[node name="window_181" parent="." index="181"]
transform = Transform3D(0.686126, 0.696107, 0.211344, -0.713154, 0.700978, 0.00642727, 0.143673, 0.155131, -0.977391, 47.2977, 14.2456, 126.631)
cast_shadow = 0

[node name="window_182" parent="." index="182"]
transform = Transform3D(0.689177, 0.696106, 0.201174, -0.712981, 0.700978, 0.0169729, 0.129204, 0.155131, -0.979408, 49.2089, 9.20011, 140.854)
cast_shadow = 0

[node name="window_183" parent="." index="183"]
transform = Transform3D(0.690796, 0.682839, 0.237764, -0.701579, 0.712547, -0.00802237, 0.174896, 0.161269, -0.97129, 42.6108, 9.19417, 169.342)
cast_shadow = 0

[node name="window_184" parent="." index="184"]
transform = Transform3D(0.694592, 0.68253, 0.227365, -0.701727, 0.712428, 0.0051068, 0.158496, 0.163095, -0.973796, 46.2304, 9.21163, 153.965)
cast_shadow = 0

[node name="window_185" parent="." index="185"]
transform = Transform3D(0.740609, 0.607408, 0.28732, -0.636631, 0.771091, 0.0108869, 0.214937, 0.19098, -0.957773, 33.4798, 14.1501, 182.408)
cast_shadow = 0

[node name="window_186" parent="." index="186"]
transform = Transform3D(0.722244, 0.597776, 0.34789, -0.642246, 0.766319, 0.0165913, 0.256677, 0.235414, -0.937389, 35.1253, 9.12568, 196.985)
cast_shadow = 0

[node name="window_187" parent="." index="187"]
transform = Transform3D(0.715889, 0.597775, 0.360788, -0.64244, 0.766319, 0.00506971, 0.273448, 0.235414, -0.932634, 29.7553, 9.12259, 210.63)
cast_shadow = 0

[node name="window_188" parent="." index="188"]
transform = Transform3D(0.553503, 0.7546, 0.35244, -0.809496, 0.586944, 0.0146132, 0.195836, 0.293387, -0.93572, 29.147, 4.26888, 226.532)
cast_shadow = 0

[node name="window_189" parent="." index="189"]
transform = Transform3D(0.77627, 0.490782, 0.395647, -0.546052, 0.837101, 0.0329835, 0.315009, 0.241648, -0.91781, 29.5295, 14.0454, 194.934)
cast_shadow = 0

[node name="window_190" parent="." index="190"]
transform = Transform3D(0.694563, 0.682839, 0.226522, -0.701617, 0.712547, 0.00336442, 0.15911, 0.161269, -0.974, 37.7473, 14.1935, 167.846)
cast_shadow = 0

[node name="window_191" parent="." index="191"]
transform = Transform3D(0.694669, 0.68253, 0.227129, -0.701725, 0.712428, 0.0053454, 0.158164, 0.163095, -0.97385, 41.308, 14.1717, 152.898)
cast_shadow = 0

[node name="window_192" parent="." index="192"]
